5,0,238~8,0,238
2,4,126~5,4,126
0,4,224~0,6,224
0,0,294~0,1,294
4,7,326~4,8,326
7,3,37~9,3,37
7,9,154~7,9,156
6,0,210~6,2,210
5,7,36~8,7,36
5,2,76~5,5,76
6,0,12~8,0,12
3,1,159~5,1,159
9,7,168~9,9,168
7,6,213~9,6,213
3,3,63~3,5,63
3,4,69~5,4,69
5,6,67~6,6,67
9,0,184~9,2,184
0,2,122~0,5,122
7,9,101~8,9,101
1,5,191~3,5,191
1,8,287~3,8,287
3,5,263~3,7,263
9,5,287~9,7,287
1,1,217~4,1,217
2,0,286~2,2,286
1,0,72~1,1,72
3,2,115~3,5,115
5,6,5~5,8,5
1,7,230~1,9,230
1,0,216~3,0,216
5,8,151~5,9,151
2,9,15~6,9,15
3,1,305~6,1,305
5,0,3~8,0,3
4,8,146~6,8,146
4,9,19~4,9,21
1,4,107~4,4,107
4,4,326~4,6,326
2,4,286~2,6,286
8,7,146~9,7,146
2,9,9~4,9,9
4,6,243~4,8,243
5,7,300~8,7,300
8,7,7~8,8,7
4,3,167~4,7,167
4,7,242~6,7,242
6,3,186~9,3,186
2,1,252~2,3,252
2,3,47~4,3,47